820791
90966
596870
349866
959803
-367592
-442552
95688
-858992
-871081
-788377
376816
-132095
-301588
-98719
336184
-506171
43985
-971713
289565
-171649
80360
49443
-478341
-715886
369169
-926217
282760
-512539
684968
-882217
47530
-175071
-23124
56416
-270951
756395
954891
473234
500553
846087
773544
-331559
862759
-907827
961633
660078
827077
-686538
67018
-68543
238057
129327
-121355
-144553
-725305
-169516
348898
-519661
-145527
919144
351483
880113
-566961
-141863
-451523
803576
-643806
878773
881136
-437950
687266
-48052
414812
-352554
-47282
106474
784871
926398
-787532
589107
709575
-461112
243983
-913615
-918514
-790405
-153510
-282306
449244
-260954
-929259
762017
-876658
419793
902055
463489
319267
318778
333654
924069
947430
-656236
-827751
-309001
-868121
-307089
-236848
864808
-831862
-826322
-954477
-824305
188315
-397339
469104
443301
-408839
598709
-853932
-978308
-780673
-112461
152297
-815385
-735493
-122050
912098
-609724
959724
-753012
473923
-572830
-62908
214229
565788
-569300
-928954
-605207
-391896
-640798
-908166
-130559
88654
313062
-536998
-385119
-134919
-953105
413075
56347
61388
476539
525728
-95080
374796
-756502
410703
48359
876989
643241
903577
-630157
967490
225685
-2408
523676
674449
657959
298130
245720
-610374
-278769
669457
454274
820574
-770103
77785
520132
-60314
-798840
961434
267521
215907
820513
-257036
968574
-63408
-408103
-561462
482565
-740326
-473386
965423
79891
745878
776919
-869140
528440
100057
982374
650283
-884477
-254593
486610
374933
27715
-208118
334774
941180
320302
-190892
-351597
-407806
890546
-341185
-662108
162246
-237317
969153
923038
-720630
-635271
-762393
-278359
-521627
-714312
982592
-659163
106815
-650064
-437519
259805
-684638
-80510
-213641
484983
130260
508913
-264431
762106
607204
292349
-51445
-795864
482156
-509716
968963
-192939
-111900
119286
-179469
-574594
-876182
-507871
907989
-385614
-375251
24931
-877747
-563019
-814856
-290798
-20791
874819
-926768
440332
-575865
-657907
-702817
-530769
-936566
-350566
-434848
-608362
-401285
-877826
938784
15349
-19895
465708
-717138
323317
-791063
141975
600234
-367222
847073
-888210
-389780
-185167
-258522
361952
406956
47858
442146
373223
-24126
-695180
-105356
-613776
-326014
249545
-53098
286712
-657696
-776573
-153871
970445
349442
494800
-954024
-772661
181778
188688
-979930
-6439
49687
803941
-424790
311415
-924575
829564
-300600
681752
730747
926483
310184
483572
-449844
128424
673840
-169465
476741
-461222
-425343
768827
-65820
604484
738435
-158774
-983817
54104
105726
-612415
461776
-547613
491435
40206
-878424
-251339
148993
-12823
-633609
266882
215003
920804
225287
-822942
528607
525656
776202
-173222
-45036
-308917
795642
-577706
-768497
-626472
-285426
-458008
409828
877906
-58528
-45946
865493
-118054
798608
-341813
-428991
-796871
263844
993032
-924316
809599
807755
-51236
449464
572506
987090
-880759
-88533
-992953
148863
-800824
-185448
-223369
-624605
-722987
-857692
-111962
-197731
-260547
120385
-213666
454325
333322
43364
-218898
-974607
-335109
198670
128874
242092
-512710
-453487
-719140
-347047
39825
953288
-658733
-304178
-146878
-353327
386666
-639059
-594789
-344390
-437541
8017
-32383
-953785
459336
240141
28778
412195
-310910
-855235
401476
-655899
579071
-905745
267088
-199502
497144
293919
556750
866137
886659
-948632
-40539
622658
927320
759754
-658870
-35230
753358
420725
320386
324929
455395
926815
904307
174979
-485741
-916492
703159
-724755
-808198
-589396
-464025
-233459
989413
780163
-874049
445381
-569010
-259413
-760825
-535773
-705171
492368
-106860
-246579
-148393
-540971
208161
-358375
893547
-842464
-360451
-660097
313019
974441
-225085
180319
717578
677425
-592822
-418804
839990
520022
-778210
-878722
373337
782664
-248538
-2311
537661
787861
-9445
-902098
948115
582182
-365909
801655
-287023
535884
-593797
-993015
-22519
-892193
-960523
848423
-5939
398999
447144
-755787
941709
404506
-159162
888567
-305711
-202583
-986648
-786325
179088
813546
-565230
792203
-115518
867598
-10554
-473361
-853280
144018
-243069
-163292
475621
349505
-912802
211660
31752
336241
-575031
280888
988455
675672
120933
895248
519303
847926
442294
-365636
-144606
66081
-549909
-571876
-121172
-969780
-347977
-877164
508660
-13773
-909548
-803972
4902
228080
496164
936482
807182
780454
-463107
-968724
-921569
-741762
376099
187795
15209
-486119
885860
224185
-674303
654638
134524
-575573
-893696
94030
-65678
503995
143643
803234
-334540
325882
-31673
-924358
366341
732588
980654
-238197
-608614
-227541
11863
86481
-227184
247512
614738
674843
-843608
-297761
579148
856361
-806409
-396651
479720
997192
-750802
613732
85487
-46794
52527
859183
-30986
112339
192381
563691
-599411
-408772
-990318
36195
697349
-850486
437007
-334013
553631
-32788
-606924
360429
706396
94044
634610
-703779
-200783
155802
319089
-75415
-579819
869098
-428384
-866794
510527
375322
-69423
391941
693194
-536819
-846133
795001
446891
-93252
141222
-344929
604969
-79353
299124
325649
-275472
739500
793883
840649
-831201
-555100
-349886
171086
743660
971844
731280
812468
441919
272896
-535791
-684171
-249503
396147
-365385
-632880
-449772
-970743
-694095
-649212
-308606
-826273
814729
135731
909769
135255
500915
929587
305666
177070
308443
371544
5065
887994
563094
-530211
-43039
-269014
965864
956761
-362978
-750293
634759
380873
-880483
-118211
-846506
957154
-45254
444895
-284927
-323001
240630
-424485
729506
-720074
-295073
-991498
469078
950670
836278
-729925
-150928
795551
-193793
-111764
-85677
-997326
-211838
-457405
-64805
397697
-990997
401410
-835858
-556520
945240
-369123
362747
453879
-531635
764756
520852
-147971
750196
146241
-642639
-70157
942428
-144763
705797
-186894
-308622
157092
-790460
-793617
-830668
939241
467183
-346063
710953
474344
-339672
-978840
-529947
884067
602709
-473783
528193
985052
860709
-262389
-773218
-32409
629037
781926
-846346
-464090
-247163
-470597
-378559
276349
-694514
649691
835045
239640
-156750
-704065
239669
707686
513203
967268
461270
-86054
-455
-501616
437471
851462
824109
-734665
-401485
115610
-638213
-226538
272001
-127879
-93103
-764432
-199408
374396
148192
843595
812606
920635
-118770
-761174
-953739
-831736
180620
291700
-981067
-730800
-97210
113324
952880
691458
-359199
679033
-187786
-547668
5221
803265
-726540
-777845
-504303
867152
-934563
-322376
-101733
146311
-950080
-577773
455660
129924
-228764
-720168
-843656
-220175
305562
244661
334649
111168
731629
-109624
-637941
999638
-294683
-35567
809027
254076
617188
-706527
-847759
338458
-781051
-815941
567456
669005
87952
-251318
-271217
843990
-200865
845745
715953
-712175
-812233
874788
-96482
-98802
-673923
-319068
715298
336816
-919724
-671935
31625
-199792
822146
-189102
15078
989813
-839370
676924
-472373
-512188
-656281
-862289
78996
-427118
515393
822923
506707
-989353
590821
-877109
-145973
138298
841770
-362888
-618835
387045
-431061
-795531
235863
704875
-810054
84784
621331
569353
-612932
-754431
911435
708380
-766335
-706318
481365
419748
794121
-161235
-420355
501048
-110016
178532
208210
175008
-971949
161207
985342
-322718
521671
-740986
-466767
-910368
-331018
-241219
-786202
615304
-359368
-568185
-772945
963628
-507954
-654036
-143701
-365469
346165
-793257
-418943
653464
449337
490817
-124175
-441464
400570
-551544
-682248
791606
609551
-408882
222119
-408766
-567639
-141432
-599229
541776
402398
177360
-49726
-89713
-651237
-653685
230782
-236111
-703922
91432
-9335
381640
747760
381112
-926301
-718963
330401
96741
448882
367724
673925
283375
-941370
472882
-617121
-20
702823
869947
-638208
758320
150487
-323801
-434929
-805775
910744
-483766
-420121
-511448
163110
309212
-925623
-844361
-475066
-562786
559858
316581
613046
-360629
-839773
-356818
108842
141299
2535
134810
141266
-773796
-821613
-215409
907035
-814352
571145
-352509
-335241
-44778
-421243
-428193
619588
-91304
-98114
529320
-985169
81455
-868650
-766466
-302101
-731323
-967834
779443
201646
-37239
-725681
810274
331715
-859019
205274
457860
981713
-198955
-953929
966502
-221887
304312
-508655
-599307
346060
-744782
-148282
-733993
-198705
554691
-865044
-722651
-466343
-48457
673749
-176261
817524
3763
-578666
338457
-16774
-559868
94572
428687
-410725
-375730
-617767
-264179
-759105
-702092
-799037
502064
-194976
-415691
-364540
614501
436531
653205
-640303
653112
-210503
-715796
-300985
607342
-963187
-647651
561704
476589
-145345
-162805
-104859
-601663
100078
84709
966097
-994845
998919
-313046
-543407
-729051
73197
575264
-774150
33068
-695468
-342652
-209995
35055
-96564
401545
547812
559407
469402
-917114
-670120
894465
728736
-859667
493461
-536500
40092
715643
967949
-902290
791308
809477
925912
-592879
947409
822256
-627787
467139
-927892
-366853
-762743
255491
-84862
962104
-358731
-197020
832707
-255112
451578
-411493
69279
-93788
685397
-691761
-75619
129662
231964
-975965
-355628
-824658
-401883
-735567
237513
935952
894287
-360977
989559
-23661
865560
181434
803778
534932
-270321
-772170
-682180
-114417
322649
-437903
-94640
494298
708865
-860950
693596
607529
60997
621231
374392
-112909
609100
-874968
233702
-817349
381240
668799
-32744
376188
-667596
-59396
-51110
-447962
-834200
-841518
64050
-998964
735565
795216
-318688
58179
620153
389103
689688
452835
749307
-564424
768042
-894476
-632137
101905
770185
-160726
802350
841661
12029
550559
877203
-90993
492046
-494809
-882697
699468
57450
954342
-865551
-48100
280024
429373
-4799
-908180
993980
-830052
-368531
142622
-871046
571448
-906273
729171
-35242
140012
8821
819368
-923263
-724385
553830
-39293
-635241
435314
-210729
552133
-110944
160150
-174884
-461859
181239
508070
-82836
727219
99356
-155257
-406770
213882
-245919
95643
-829428
-435606
221300
348386
725277
154889
-553295
791346
-913574
200996
300386
145294
785199
887162
-10947
-374245
564431
-47580
-939728
-287720
-303924
657851
-407729
219422
-233328
756971
-182653
-704285
-80415
643418
796010
-801272
-824222
-398579
-986344
-182203
-956832
499856
280541
180846
407381
470759
158376
228144
-744125
-29635
-431002
143534
-90074
-508982
-556067
50583
154872
-503745
-477652
-582286
-605467
-441413
-194460
330866
-813573
-351471
844282
537914
980447
929979
-98445
170108
776383
-755694
891649
199683
168680
-578425
-291683
-125629
987478
501288
692292
242285
-363716
774874
-83861
-139577
-543406
295727
412234
489477
467942
-331199
600008
957694
-906030
287945
654423
901424
738181
-395293
-973898
97237
-263990
404561
569727
536325
164267
-929810
-496398
-446306
-498266
-728651
-497989
-834397
-972040
-56703
477537
399504
-207264
-588616
-876804
-952253
111158
-208087
690473
549365
-993524
338549
-464633
946293
-782315
768915
-547873
-593597
441574
-756363
-641126
-899391
861399
-179864
278962
-448597
-229931
-582208
799972
-751689
705823
-564532
188739
-609205
314928
-613609
848052
-346331
-956276
513093
931295
-939
866566
-850870
-512869
-684776
-38373
695468
-800687
-526963
137616
-328608
716217
645073
-574793
201260
262543
385475
205566
734995
-802544
583432
-625036
-147539
13687
-917077
534386
763190
19252
-79271
713567
463614
230292
-170782
876125
317293
179889
-852999
-65981
-188110
935009
-792051
-106377
946867
574127
-903498
-487041
103590
-918641
-401663
876193
422988
510825
412615
169690
75181
-700605
-78492
125082
-1352
-151987
-997018
942429
370876
-621973
941378
-470448
531251
671476
163147
670760
-560501
-84877
-583253
-35725
819050
74161
881788
693682
570364
548897
544084
509051
-981121
-94954
355435
17732
-259563
418411
739362
818136
921856
-905630
-224191
562239
319387
-929092
379274
-59073
517400
756576
522617
-710487
-964501
833657
842234
-529169
975971
-352376
170839
-702931
-107748
632163
599839
652427
450325
116370
283874
-85134
-113278
915530
830029
485769
-454965
-693762
-925377
127416
663799
-906418
558514
417467
22578
-38349
496233
-904864
585829
473296
711281
489688
103756
-756411
-729776
110741
-590078
118987
-596927
-996775
-872808
948365
703813
-65028
961384
-332731
-914507
-113055
-501855
467598
-869050
348184
-280203
-540351
64942
504037
-737264
946957
-140000
290376
-447075
216756
-891070
848604
816808
833168
-829423
-714746
916984
-234215
827649
-419792
398200
-232732
743142
-538041
-557791
91196
-802394
-748699
361442
87491
-486211
100039
44709
485551
-349358
-895096
-443896
707255
579740
223934
-764916
-635459
-987949
-828497
-17839
-705140
278966
-646277
-31474
815503
-988864
-723979
-761882
373318
-192261
-724551
-755455
598944
-425971
-551245
315304
-276905
-427463
152420
-225910
-313863
557904
951730
292906
-85166
-491848
-130256
947959
114428
677265
527335
-391570
-377789
830266
-386413
-906418
-435011
-615623
-781340
317488
101156
-626808
-105988
601140
897298
-979735
-311205
76192
-719165
159321
599883
-713303
-850710
588772
410764
-565605
797139
324663
492580
671449
-563294
-142426
743241
-211318
-477990
139819
-222114
548163
-157328
919952
323331
-801744
260601
-296934
-399184
190661
184873
-654968
696238
-795988
-929680
-889807
886392
529031
798527
-811540
312150
66743
-396374
369905
385679
-603176
-779324
214680
-279536
786440
879952
-660193
132109
-192363
366263
-502416
-588462
-402524
95514
541461
-426927
946415
857436
630182
-23773
-774604
182358
-874010
466714
306634
-661178
997802
634941
475104
-326337
843908
-38391
83646
313478
413264
-313573
-263978
369218
316596
-350785
-477233
963262
190640
735611
-93946
806948
-297269
-945694
491638
-814454
-666050
978855
270783
-994351
670096
759467
600548
-499238
-648024
-19135
53522
29057
-953003
-513215
799810
-985676
906785
848689
-327028
831852
-759549
-425650
-263763
880274
-901120
-894296
-455682
-585810
441372
-238139
-881669
489884
978201
509983
-307209
59546
569167
-520056
-162077
897369
-359778
-677415
-156283
-907389
-101636
376953
913904
-954974
-196435
-704391
-54387
-200006
900144
142838
-288921
-22013
-955959
162774
422989
124633
2437
712395
-699863
804940
592313
291447
412563
869163
-285554
859498
-846883
-793524
12099
-263971
798089
256825
663784
91437
747903
-976292
97217
-131168
-812802
-635483
-637714
769640
904406
987901
-35822
350245
-254073
-362706
431627
-791417
-693112
163420
622908
-850755
4206
-964768
-19891
339070
271883
378525
-496859
-662387
-700557
-780303
-335356
83588
-342012
-408650
263445
177208
-384629
-555769
-640752
-848153
-808582
270508
-567693
366188
443630
-379064
-275554
-606497
-241931
-489214
796076
-638026
423624
46760
-799776
308764
879151
371997
-115839
-842152
23243
-244804
-114267
174229
41670
-518224
344254
-941846
178452
-717510
-627802
-532785
-772696
-946068
791033
488322
896077
321200
-407628
-45443
258511
-964885
272033
254828
159661
-211123
108262
935126
323547
294961
549666
447112
908499
-564672
-484492
500806
-864162
601417
-249779
281431
-222777
-899958
537640
673354
237661
711290
-790805
146357
626007
707328
362685
-635766
723040
553052
-941148
823051
-530658
904519
772333
357183
367652
-119449
713941
508871
415267
192813
848886
-229908
246551
-682115
-492902
789171
386012
-297702
-452521
-452592
207468
543880
699376
-440750
-129711
207192
-364028
-116009
-2636
846704
-912337
508031
-579904
342812
456955
368102
-479180
53765
-536349
456420
-747510
-739631
79933
-346998
-446569
-217896
-358273
-200547
-123334
973731
643538
931162
253563
725800
584473
-490
-237876
149747
-610220
364832
-696819
985170
263392
809586
-980049
663805
-294538
-614309
18257
-822588
90045
654368
525654
683042
-149808
267938
882723
417857
562667
101172
-105868
198922
-34817
-929378
-195658
714
-486517
567218
395043
181636
-451627
-745798
679475
94905
908814
782511
369682
-528879
819482
36337
858384
-914885
-501972
587035
380987
278971
-198741
-368124
723431
955553
422421
-165013
-207806
749697
672269
-456488
569490
-580953
349382
-875585
932404
88461
-434413
90692
772841
664380
484999
579312
-920102
-381625
-881239
-787667
557300
-592470
824092
331617
693897
-359689
353846
781051
-41744
-925128
927584
432479
-230692
-535652
737932
734037
-114064
-220910
905046
-595599
377034
211520
-943001
-572753
915747
713929
323279
-948646
830441
947592
605821
-416860
-252129
-610127
-976409
978713
-267579
106608
-440496
-292567
-965465
-553664
585817
708385
-987110
759721
833200
819923
-583754
-53109
-77860
-26246
-769803
-623637
-107114
-136412
644433
672598
-314309
746183
314130
-81464
75577
-680848
-863065
773624
-482575
-355203
-245007
945919
211327
579099
71246
-410096
-457673
-927085
-684983
969481
141508
-844613
168435
584904
-287313
-573476
800999
-215715
314427
451990
-121162
-481880
-974513
445120
329529
395212
-426245
-843516
755970
658374
-736846
912307
326073
-72022
783050
538194
-611258
-80993
-301625
855089
-117153
-691030
932169
868765
226925
-213877
-997052
-137303
-704923
802901
529016
674
-823895
79885
710496
-307192
838542
82453
650822
-981196
581339
-746380
235485
489650
-232019
-452645
867539
-586992
980259
-484699
-318144
761223
947954
384824
-471143
611842
-205584
704927
-144468
-140697
785261
-730180
-334289
-289551
677508
998341
-47799
-532369
-848700
-866625
-398742
661742
117288
266765
425031
-886379
327312
656517
801849
827245
857162
790663
428819
215890
987269
139479
402740
-171786
-962574
-855338
107330
253518
-621231
-280341
-469645
851207
-807163
777682
15827
305152
-163469
-849420
927396
157574
888105
-474968
362404
574547
53283
-311054
-491347
-299391
653683
278306
-618759
89824
392153
945753
-933450
838396
-581908
841098
-722704
-690673
-356433
-964306
516913
-36923
-49369
-296375
-881301
-169565
-731458
-315861
-834204
367573
-762744
-753039
397784
-125533
168806
698028
363708
74849
-803449
-78972
-520986
893531
-428703
-791303
-24595
849509
551289
631645
973803
627319
-647952
117357
296746
687682
213474
-437002
-385421
-475507
988146
126192
-946990
-675657
-242767
-194224
-282014
-840074
96110
386135
-146278
702656
-576834
-244186
917441
441023
-590663
485067
-449854
-376035
5896
-482406
-482859
766945
-843717
-155594
-713488
-234030
119929
-674026
501095
697760
-270803
101413
-636167
-677894
142013
-781647
149595
-806883
-875686
488099
501022
363875
-856800
-192004
-639719
444771
-75878
639403
941106
256783
755718
431056
54881
-585446
944450
-69329
56381
-427351
-962536
-773804
-680028
664127
-421571
198864
637973
-784852
-460109
661488
687562
388718
259478
889350
-755341
-282574
735814
-737651
-407229
608083
-567863
-561609
487714
487197
-850380
711422
-642490
950683
-969571
494535
62037
-322691
-356788
936263
317762
904662
-620965
107121
98956
-762888
68018
855646
664682
645588
-911236
-949220
-965452
-564137
165096
702207
-861150
-178195
-155907
736986
688719
-45515
-561189
496132
37747
947740
-570375
852281
838419
-669162
-945113
496220
-394972
950678
-586217
-378165
-304788
-330406
-251744
-215668
-85817
917627
853646
-695198
712785
639107
-426295
-70561
372969
398736
-742065
545238
555022
-28036
572047
-677785
-650074
-117228
-83301
237403
198848
-11780
-437419
215624
207225
878374
-28202
-658421
349244
687495
-657828
339008
-321171
-986969
372037
-926071
604952
574540
-363716
-914407
606434
823450
107913
-647018
-768460
-743461
138245
656811
-380961
-611819
482370
-720709
859741
562221
334921
262562
104851
-956017
739355
-249446
-831229
-458438
120933
146610
369408
-224343
-566388
-709561
-610554
332293
288617
672297
-854842
-468262
-556417
-67214
24977
631540
-666598
-415379
-74721
-815051
-372308
894602
855333
-688669
-293550
200027
803989
-869980
445368
-802923
974098
-490598
-995415
-77027
-30933
-752744
56959
-966156
-427635
-457379
163752
-577814
741351
922305
-195510
719748
102301
-451358
51464
879294
412329
76496
-710228
-569137
783280
-833880
-762121
79281
-580573
280872
318518
-316071
497605
-108203
-223939
565842
-308298
95772
-858964
638179
599207
73517
913924
-454181
-138438
-249980
-383142
-109839
-66992
-396644
-686470
993669
-346556
-957208
796071
755225
-461837
542555
-474754
978314
-639489
291196
829942
766603
85595
-488276
189875
492508
-599102
800517
338061
510104
-338260
314046
748092
-810277
7446
-544282
-633995
-242209
-97657
-50826
-611979
192772
290968
250580
-448496
419618
663885
-454456
-109856
729324
504211
-917688
361068
-185700
-662482
772470
741760
-316662
-588917
570638
-335134
-109462
-885974
438334
-379335
-334767
783946
654081
-403878
-464173
168096
-86778
518966
-928513
-882726
-404876
180742
-884872
586357
-215134
-69601
-498540
767210
-340053
693642
-965124
-850410
-189114
474355
-535330
283961
518318
-169165
-282887
-909905
-467767
-433885
-621903
-268638
881183
852066
401392
288971
-759944
-154715
-766536
152945
-65482
566430
468802
353660
-149602
195487
433359
-893734
121154
-800816
147131
-271087
-288367
-523457
331323
194604
-158340
-208755
497427
430270
272054
328525
88254
-292273
998308
288093
343738
343419
720859
-913428
664396
658634
-271218
-642008
576170
-839021
-919112
616231
44691
-479802
742588
-299817
363582
-593252
-375366
880612
-507991
213114
-710946
312718
880380
-279836
551420
256983
488321
614529
-729752
-407953
291773
-531581
-207298
815897
752560
29211
-897294
193688
-577630
-953611
-233812
-206675
-326583
-790961
838200
890080
-621422
-624843
20495
290723
-981087
842711
634262
-273465
-226628
-479430
-570793
809903
-837420
-725778
-505943
-357881
808913
-775915
929919
758453
895058
-666477
676788
-259450
706754
642116
954650
-936425
-73698
482405
-359103
285130
-834130
820366
167894
280508
483542
-633643
431276
78221
182043
631186
552539
-211772
-982142
-180072
-5790
14354
-834573
715936
46222
694568
-271078
698235
-126968
909443
410604
-108918
-829474
229968
-262724
302097
695277
745241
-703081
-845770
-788393
-865088
-349497
236212
-190463
116125
-977876
671101
40160
-276661
727963
957376
806859
-453951
719745
620306
-276400
821923
-725683
-582295
500884
-312525
810988
177287
900643
-808566
154055
-55454
-217036
-560856
-93376
-48252
-784054
-2177
-195561
787569
309931
358706
-897321
806353
-463622
214956
-406148
915341
-567928
-929255
-28735
-737272
-530732
-964710
-99034
-15284
788645
-641475
-172392
941840
877466
625878
939439
503531
-320287
803251
197920
-493179
-742987
296691
540587
-314375
476761
482240
-428540
-811655
143305
-592937
-376659
-503363
-493292
178413
-315336
999549
990309
-436436
-410343
-18913
378426
845669
957409
518722
-593521
-524322
279024
787595
989735
-425423
354478
-889185
829355
-351234
-279111
85518
-689766
578069
949485
437921
426427
-47585
221124
-138211
-723411
-686721
-821241
647749
462687
-17085
887698
287917
53772
183130
674225
-759125
-404433
455992
106502
-417958
144072
-422599
-981843
-372154
693626
400902
591689
-738498
159662
51423
-3086
-878328
-423064
-243525
-199920
-9514
823826
-979441
-573029
239584
-780989
720134
-862774
-881902
-78090
-851758
-873031
672998
128975
-372551
72279
-29304
660769
873297
-285080
-114242
-115678
245403
-700400
-983928
-610117
691295
-986946
628641
79012
57519
124526
109269
-467703
741684
-194419
-55664
703621
286908
408861
-533398
-319666
31682
-656907
102586
-605328
-621189
-961276
-485988
-620507
292141
629563
-765803
140022
-797266
-261310
312579
500668
-334419
572589
-104306
981115
64898
-146270
-73614
-2038
-763108
-366003
-433256
692183
656685
-817335
-419795
-988663
-887490
-134791
-412461
82391
595103
48002
-143261
-224906
-144181
-146758
533525
661720
-146259
810470
-254476
-212177
760213
-163466
289292
303731
-365896
-155323
823667
-394125
-724938
910698
184968
497351
79253
221565
74583
-968375
197971
-493731
-789016
-211903
-143344
796527
822139
26547
298281
804164
-831885
-191954
549410
-882541
-421356
-578771
67300
578381
-126963
-242307
-313841
-473716
415657
581155
607427
567315
244248
729645
233429
952687
44625
874303
-630001
-570059
727543
893852
-714415
-41634
661204
-67351
208929
-624415
939547
-526591
-348506
34490
-885602
-343406
-639498
-202288
270730
978434
518462
-802667
738546
-915833
-230484
-784684
771713
-874456
-210338
150109
-475654
609063
70945
-665671
-535752
998635
145120
90149
916550
-545364
-82896
168490
-523799
155186
695825
245242
-38439
-563776
639204
740836
306433
516073
171942
-284837
301662
313829
-689186
-521687
-319474
245254
-452190
-974813
-767034
891194
-891543
817688
-376180
-932132
-705327
826675
876464
-727920
-807313
-244075
-748536
-484558
-786291
477071
320515
85550
377371
119486
707616
778748
881566
504149
-957192
-130944
-964492
-444892
-870867
521326
-742455
-817835
-91877
685187
551900
-341246
841317
-272689
357155
123699
856297
-741880
418204
814691
-324517
650751
884730
465913
-48128
-371353
-134979
-431256
925042
521099
105221
955280
-480375
860010
-653088
-428412
313604
-550662
566627
257820
-794650
-559034
471641
-79247
935731
899260
717294
562984
941339
88747
-326889
704753
-363462
-798089
108821
-634849
649812
-773760
-213094
-457278
274489
832818
-924781
949080
-957832
-512672
812027
317043
692493
524940
-198098
457019
-852903
-487082
-6652
-351133
153173
-513382
-421245
300332
-742485
-449155
-5225
563538
483967
672069
64493
-897901
-321708
-803927
-917576
-413272
713122
-724021
516960
-312511
-798248
-474568
-817754
-170523
971459
-941968
438872
200671
892433
928576
-551523
-620653
336694
-606058
-757869
-92475
217498
419104
-138633
678623
-976228
655548
313228
57303
-511258
300851
-392326
346371
527083
-538960
157592
-706480
-398684
-197033
590468
844985
940110
-967920
-215065
603097
-651492
338616
-306851
577179
-824060
905571
-840427
320806
865092
-654626
616107
-787079
126750
-871884
577632
-344133
951913
740381
210608
-505193
-466443
-543516
-578793
-996657
-912575
-131868
-502187
346478
-345652
366446
193301
56076
24503
-143749
716135
-416593
-854112
-922442
-526270
565902
-13261
-146131
152994
376352
813906
-299493
567351
-600636
-267131
578109
-196408
-388783
-273148
199584
-109022
-34498
-362248
-885268
-360087
169684
123117
280387
-27148
-496642
192815
-14372
914534
596971
-713088
-596880
-413226
-696679
-100763
-855143
-176533
-902916
300661
-136068
-342481
965439
461909
-998264
-503168
-202012
-562225
881156
-334977
-50744
-690087
716575
-155312
-790925
586608
177066
-820701
-882592
-382823
60000
557844
-180482
425273
341847
-30337
720546
442031
361542
393851
-63506
640413
-226573
-840042
216635
28300
439408
563401
914300
151723
234429
179860
-540726
756702
-16607
-319872
652310
-114087
126948
-326339
-694702
595331
485809
223376
-605317
224491
788971
-787242
81596
-472902
567346
950610
953093
519417
900520
-475179
773823
-535101
-793273
61884
783450
634443
-512288
564585
-682218
-755964
613479
143083
-68565
-478789
990764
279399
815141
303728
67123
229640
198767
837665
-833997
-701419
987053
-176418
415054
-288185
-288021
894770
-817614
-994889
-80339
728291
832698
254281
-358271
-158778
997231
164948
-764960
80658
-509918
-733142
692216
364608
420837
933818
108792
-577573
976262
-473655
-555713
-382656
117638
-438721
-536283
-969885
415540
283567
200613
-974214
-876523
-847180
-471733
148136
-454442
-628730
-104823
-67830
-570604
184257
-778864
183967
-519367
-416276
-117287
677393
61034
-468612
-200955
-72648
469837
784831
979018
-229576
-865088
-188796
-816834
-198421
457776
180096
947401
-428393
267320
-240850
-805057
-834182
-876257
862216
-775446
-675943
-263180
-234859
-478361
-979243
-878232
730997
950949
-193499
-590649
235023
-862247
910322
-163097
839777
-126709
-785175
846579
351509
-4364
-841039
960090
-167844
-623944
-517641
-218982
899334
868800
365842
-294621
-574822
566475
-854628
-279258
-503100
541621
-800124
-463892
323483
387984
-643385
814974
519791
-583745
595451
-641961
-891026
341982
-694053
187401
-836040
422234
494391
713523
-335648
930483
-69467
993856
23578
-641320
881632
855687
-283139
-599320
-6797
-937736
7955
-867765
-851810
-965168
-206779
221506
559885
-515619
-792074
-608409
-517171
-747005
-370432
-464627
107423
568814
868531
592781
578645
-825810
142670
-19995
-222708
419595
87072
-291010
-379138
740804
614645
702907
862855
-73152
-661048
52151
-165828
787627
929026
-230921
-797272
-238693
352383
1945
-776165
852966
-964960
-427215
-398477
-493882
-725529
817919
-297614
-945826
-825922
-393750
-472145
-755187
-712097
139183
382101
-647129
-948041
279066
-582401
-480901
613762
228723
-825564
695346
522939
668556
614649
426688
531768
-918802
-813911
-565615
280017
-938956
280407
-104981
-686070
502480
505352
688562
188106
170135
730555
-625750
-624023
-118652
-905512
495036
520046
363314
266462
-298282
500506
450650
38337
-717743
342161
-921366
-368624
835314
109107
-72112
920367
984090
726286
606621
-120726
447332
-604552
874675
-55635
302644
-517899
-895506
309833
-689791
481889
661716
-814331
154908
-505005
622809
687003
-325608
-38556
810851
669232
-992153
-475057
776865
857565
872970
-236853
32551
268537
720099
-150246
-926553
489403
-900912
761639
-650585
-632899
-948310
546643
67762
-958778
-276992
238545
109386
-223102
-175034
629583
-588378
-3457
313131
586785
743111
-881756
-530477
-755411
140052
475825
-994746
796352
-168239
-234332
243249
929555
-803186
-168609
-863653
-70629
641691
32896
968704
-431156
981609
241242
-828535
102140
-787073
-877856
-156606
949299
882239
-918136
-550170
-87160
-632934
-935038
-317625
-53777
349753
107127
360822
780962
193216
83933
-777968
913566
159405
773382
450088
121194
-764151
-722746
-862619
-848664
759860
745249
539086
-745499
192437
-41081
-843363
-337125
-493723
-760288
-702125
-126629
812154
-237623
320704
-953388
-789193
74138
493237
-919232
-314912
651115
-328966
324667
-287965
225532
828310
512617
85348
-23681
213933
42108
-980892
-428596
-983991
-75007
-334461
-199829
261991
908718
-165015
-547201
818745
-763833
812914
-719932
-417765
-400300
-561916
566433
-259642
336632
959264
-549790
869911
74697
-222975
933336
-615226
-191674
202184
220743
-929250
652028
-255040
447733
-306193
-515926
-47000
783882
451708
-12255
-675333
686882
849364
310668
-565706
928798
54034
-603675
142374
7105
974763
-27639
-390725
-366094
500039
868443
-999023
-173326
226767
-276927
-849466
777813
-728351
321374
-9480
-137593
-753204
951133
-892191
-562395
171053
-923705
611958
-363458
459591
873324
-524833
504669
-888300
497151
254144
75876
-180040
603592
160136
178823
800750
-119101
-808656
293306
-800307
-36967
770136
-717
431108
-63605
118151
-924792
501291
-913604
822063
-240280
-779627
176313
473609
527925
-537684
-233284
-202573
346890
-621538
-980254
-694262
-404511
519872
128097
-190818
-609887
-617745
-728679
930321
38237
-972615
-577381
440165
-532868
787472
-41435
-370077
797544
34859
-909985
181337
719166
-804153
-652739
660422
-771337
-411143
642571
-215625
399522
-628696
172527
-312611
-401560
-615917
-477857
622856
-881071
-272628
-877875
153695
-734247
30211
-941028
716185
927601
460541
6320
315263
-657632
-223776
678060
953388
967135
866738
97767
-458577
-489269
568649
492769
967755
796187
474915
-550720
-432314
78735
280522
856893
-465920
-217907
342838
-516722
108854
459342
-518617
-611544
-163377
961263
680295
971438
-946264
-844389
-676087
589247
-101585
705961
-303790
952120
910731
840541
949024
626711
-808914
205917
68519
768228
758302
451788
86938
366233
686296
693896
-863196
789352
-69114
194327
391119
-289330
-646500
-577783
-598779
911726
436979
-965655
233610
-502137
-625171
-69518
742638
749099
190346
-77693
264994
158408
350969
-234134
-741462
399021
382757
-973722
295510
313411
-34136
-626302
-212319
-190121
-505679
203473
527604
-462136
752180
194446
-1012
685653
596009
396114
-574632
-349973
664224
-440956
58396
-880606
874511
867266
-183894
283565
783967
-15053
-56407
287100
-816691
367316
790220
251397
272725
385307
-744643
229266
878865
-840909
88537
-969685
-540114
-295430
210577
214569
966837
992497
-95326
-241879
-691900
32408
469157
660561
359757
-405265
388491
-127508
-342340
-256637
-14707
-498036
677705
66404
-416556
924380
-541132
-143270
146491
80751
896926
175562
-674869
688375
728814
690702
-373501
-966589
957338
926719
-137287
-185653
646797
-350482
-244291
133630
149328
-74837
-777193
373213
-130577
-847553
719818
-408244
-649026
228238
286525
711024
-855824
605899
-954612
-688186
706966
-22558
-323752
819699
624829
-235025
840393
-877634
-715911
450571
912173
-928197
355305
-941999
-412739
-376253
451045
-738446
636380
166395
-530233
-47397
-624013
18477
403362
650721
-200568
199423
502416
963137
-51966
563072
-104472
-71717
-148877
284141
139142
-649951
-821154
-806544
737681
738241
-286188
-47496
238030
825811
-848556
-292782
20095
-996397
-759441
731988
308742
390452
-864712
683080
185687
399924
-768987
543731
-397990
389737
-878101
-306139
418998
-565270
-652080
90290
-424046
-324276
-642429
992327
532532
175612
-489407
-670810
-920561
357164
-840537
272197
-83849
101600
-889523
998832
374571
865208
-224639
938310
670110
-794816
497296
-140172
519278
883911
-231431
775786
637491
339236
-751598
-800920
-413128
-374103
744267
-235496
-750618
51440
504548
-938127
650056
-127637
-161173
-14927
-654890
-832638
-801520
764564
165790
-128933
-686502
199319
813754
-199444
-613077
100828
-468703
-134712
273582
-382175
-993241
645766
822390
-595088
990958
211332
547059
251854
842526
31955
-486104
955325
-832198
762046
424056
820715
-327682
-268083
274451
23190
-71429
10403
630060
112647
575996
-806056
-834468
86485
-638894
-954387
807143
-15540
537596
-385539
-2317
334300
265163
245779
794181
293282
-452064
-306268
263095
-576279
621796
91870
-327290
-188999
171856
-452305
104179
-540587
520374
-359158
657212
-264344
-995715
-690855
-568777
576371
-519028
-195958
-239320
724215
-951034
-377617
925214
680166
-849376
404295
-950487
-532012
696016
823351
-571975
-101445
70612
-743193
-112782
-367780
-707565
-339432
-794800
327949
885274
420101
-983017
37480
-636326
465638
379702
-781042
269275
507694
-247855
627501
528098
-765816
-733338
-661015
-856224
209447
801024
-141450
98920
-617490
-8058
893259
815124
33290
-642318
112137
-396998
-343198
164315
181052
877218
-445132
922733
-182926
937587
-323605
-908924
-226027
-62642
-81875
-965972
-554059
-89533
928248
600963
395414
-334839
467866
773321
308171
208882
-670840
-474480
494593
54531
-5417
-978061
183726
511309
-689496
-659237
-524416
416480
-505383
-240852
85796
255036
-830853
-769214
-922221
317386
-76048
657404
151544
-65036
191559
-101751
-832814
-730108
-355116
227181
231990
797931
-854907
-575446
418590
765546
-174728
367765
564674
-914570
-569264
-767939
839189
903780
-820331
-182398
-398998
996073
296275
453902
-861976
-675123
-819923
-752020
-881962
-94193
-922144
-972496
-634023
488374
502927
-157687
-280360
977448
957161
-339296
200205
-706606
711149
639638
-390346
531294
-374516
890906
-361750
-209252
77754
-167930
-56824
-404950
-852060
710841
-82608
261953
712011
105165
-616511
955813
-522675
719187
-103210
940505
-802959
-899263
-3574
-823443
-736391
-370334
-62068
-498057
-565971
684735
115222
625746
956694
-309783
742130
886665
358710
-450198
903952
22145
42710
-843972
696248
976155
-866956
234714
734597
-462032
-202043
912865
-170788
127629
-465166
166163
-179339
-960291
162609
136339
-48746
-356058
-929585
867714
371765
149190
71102
498985
882502
239618
-642997
734337
914390
171938
994520
-386899
-90156
-880600
-278060
832111
-333981
159552
-703766
-156382
-331871
683877
-896329
-698250
-413939
683809
23855
11019
-16243
-144067
-171001
586510
711238
859722
210840
199507
433297
603192
-453533
-267181
-868371
359275
-906027
777827
-448633
564134
-177622
-546794
-409111
-853954
49857
-854509
-333640
-30047
128567
543677
-147725
-792159
59870
-46091
-141491
125410
-393171
947552
346471
-850222
484763
-686633
38533
-820784
306468
801249
-84447
498490
-160457
296605
785103
298291
796120
708822
790944
513545
-164299
-346710
-955905
568631
672551
831061
252743
-400802
930493
-100506
-70786
968118
-275302
-237270
-274973
-232754
-156370
-207472
-540803
-414897
-241814
840727
394384
-128837
719501
468934
979633
-720721
-31776
-892643
318112
-864462
828249
-411779
10197
-8323
810089
-498456
517884
237258
-297877
110003
337282
-205967
-793665
6430
-174423
-753186
-758182
-925604
-549518
191778
-608775
228125
-929237
522957
-349354
-465783
-939796
-467182
-785509
-549972
440658
380607
33619
391285
287902
-412977
198164
201435
240633
-339906
-823908
843746
-626432
585032
663220
756630
-807917
-653698
-960710
-735189
-591546
-623662
725784
-628656
-514506
-204635
383296
-949902
76588
29827
797958
-668649
-549719
594563
-553393
100437
730662
452847
-487171
332623
-373905
641155
-573658
747327
-844110
652970
-962609
408825
462864
-84133
502073
989786
-922
-55588
-955041
861916
252630
593658
23730
-59508
96491
-222761
-613718
933780
-506732
764768
-982353
-375632
-142330
486738
525789
-147231
72331
-573419
-489535
204899
794672
-426474
-498708
175269
542825
-933360
-378698
606268
243965
43028
62212
72535
408057
-522352
-461858
991960
307246
947860
51574
-358564
719563
179309
-551753
359207
525589
908819
789618
635685
153492
-804344
985449
-820340
-582838
619495
848588
536701
287621
-538771
-148828
727009
763122
218207
-217017
215182
829281
-260948
334162
692939
-130283
146238
92856
-788838
-249277
-433530
978640
-922439
-231849
-361389
-736460
920298
-162498
-352827
-491773
971787
141125
724995
-927883
892700
-63895
-957677
-426615
-643975
207703
-282356
42473
462249
993272
643493
816120
